100 57292754
8161
17609
27743
38153
48883
59651
70981
82141
93523
105143
116903
128521
140333
152147
164251
176489
188491
200731
212923
225263
237859
250007
262697
275129
287789
300649
313211
325541
338207
351023
363889
376823
389903
402751
415717
428759
441527
454711
467927
480731
493937
506941
520063
533189
546643
559939
573161
586367
599657
612869
626317
640007
653491
666737
680203
693683
707027
720683
734017
747889
761377
774757
788353
801709
815527
828923
842701
856547
869951
883639
897401
911077
924811
938677
952597
966439
980491
994549
1008037
1021673
1035607
1049623
1063903
1077763
1091639
1105387
1119037
1133131
1147247
1161137
1174897
1188457
1202569
1216841
1231003
1245331
1259057
1272961
1287173
1301393
