100 60609199
8221
17713
27809
38281
49057
59809
71191
82351
93871
105401
117193
128879
140663
152539
164677
176887
188953
201251
213449
225781
238363
250753
263383
275729
288539
301319
313921
326257
339023
351803
364739
377749
390737
403703
416693
429727
442537
455687
468893
481813
495037
508187
521281
534431
547901
561091
574501
587563
601021
614279
627787
641479
654821
668347
681689
695207
708559
722237
735571
749543
763073
776569
790121
803669
817321
830849
844549
858433
872033
885733
899467
913039
926797
940853
954827
968663
982741
996803
1010263
1024061
1038017
1052083
1066313
1080091
1093991
1107797
1121543
1135597
1149917
1163441
1177529
1191107
1205513
1219501
1233751
1247969
1261963
1275973
1289867
1304207
